0.0586561309523
-0.00782954512112
-0.00905355956027
-0.000209450730548
-0.0119108518546
-0.0186256602185
0.00277216367723
-0.00844827521832
-0.00679039760524
-0.0160522210711
0.0555837254885
-0.0352803113829
-0.002358633844
-0.0108383322786
-0.0208332451225
0.00319465062477
-0.00534915279187
0.00333023376268
-0.0109008484214
-0.0116285493716
0.0242372926864
-0.00432834353525
0.0082725341299
-0.00248426659717
0.00952831179186
-0.00285713412835
-0.00538695316813
-0.00101406001478
-0.00398940027977
-0.015916882867
0.0405024086601
0.00289591995469
-0.0180374899922
-0.000694303708513
0.018461986165
0.0199010644283
0.00366190969056
-0.000851994387741
-0.011223940429
0.00170003644939
0.0637806830125
0.000281849047299
-0.00151189038208
-0.0011407703118
0.00154419605269
-0.00321833296216
-0.003031653997
0.0061125478533
0.0130170717772
-0.0219827726699
0.0545185230787
0.0133839451898
0.00725146089209
0.000962304113422
-0.00363290303898
-0.00211918514447
-0.017052093995
-0.0194797008106
-0.00308175027632
-0.00257330421337
0.0418818414134
-0.0210059487222
0.00838715149699
-0.015543968892
-0.00964832624574
-0.00379673724843
-0.00467803515218
-0.0131218919515
0.00865810429017
-0.0105783264622
0.0262218708405
-0.000554032714186
-0.00466734953783
-0.00498738700284
-0.00463217528783
0.0173171418609
-0.00648507415308
-0.000420745476516
-0.000882588545817
0.00741096449957
0.062943751165
-0.0119772173743
-0.0206786799859
-0.00905092634312
0.00789645243142
-0.00848557998535
-0.0067565204183
-0.000598697636421
-0.0151689448897
0.00739555667327
0.0462005014603
0.00248427387118
-0.00104794549814
-0.0159692074632
-0.00832254790501
-0.00547625485287
-0.00563649292688
0.00676446932804
-0.000669976388708
0.0205911407246
0.0459730899829
-0.0027175099033
0.0126261684932
-0.00361268281026
-0.00772506926647
-0.0105941125507
0.0120564281172
-0.0222508104505
-0.00464626974056
0.00144618347367
0.0326390363735
-0.00377572017544
0.013512666735
-0.00647810325059
0.014756880199
0.00194760428171
0.00918089205044
-0.0117663247742
-0.00651017911111
0.00533315215216
0.0555375548788
-0.00724550459903
-0.0114961779099
-0.00208866999632
0.00362872155508
0.00211153881276
-0.00129878605221
-0.0135615754712
0.000408730086766
0.00379482116436
0.0447772349637
-0.00238595705778
-0.0118053788443
-0.00984157474524
-0.00140653983353
-0.00264954542514
0.00558465231434
0.00298665368031
0.00255862498815
0.000670795828882
0.0388816610343
-0.0214667144488
-0.020642088115
-0.0147257939573
-0.0120322038132
0.0114083691097
0.00545110148406
-0.00166324198442
0.0191524027795
-0.0133389272465
0.0452742034667
-0.0101701428924
-0.00346538475267
-0.013364103812
-0.00154710620459
0.00556110830368
-0.0327530754008
-0.0109341445576
0.0157273858223
-0.0101005874653
0.0397180575878
-0.00510350564383
0.00103254922263
-0.0106667881578
0.00896377178476
-0.00539710723621
-0.017859906216
0.00379716265634
-0.00996827080971
0.0091283391692
0.0606495602966
-0.00630268373788
-0.00680882373994
-0.00682668029715
-0.00619487809281
0.00534527023041
0.00960185645957
0.00166610268391
-0.00474162357631
9.8803748879e-05
0.0562970319303
-0.00131684258481
-0.0105395435522
0.000507762953885
-0.00224084372209
-0.0180744957943
0.00622857104982
-0.0116817702852
0.0176216600273
-0.00477269878957
0.0377401545403
-0.00594126392188
0.00885554485236
-0.0146442281551
-0.0152413493744
0.000317389647537
-0.0107760312136
-0.0188693726055
0.00225042243943
0.0158249458753
0.0455985055014
0.011533502117
0.00412258358125
0.00104195147919
-0.00336427232256
-0.000125149597242
0.0012671249804
-0.0212728859202
-0.0165106880856
-0.000962512642533
0.0448556653991
-0.0110827828685
-0.0176180500531
-0.00244419557283
0.00472116218796
-0.00756010595795
-0.00942634989881
0.00988865545597
-0.0144205319151
0.00232628638477
0.0292637361775
-0.00815171522527
-0.0105535725568
0.0163153536372
0.00129483219245
-0.0147787086841
-0.0154608410556
-0.00969677587366
0.00797008661087
-0.00900266223345
0.0356372370543
-0.0105339233918
-0.000340571877033
0.0125723496496
0.00172845875114
-0.0100392795964
-0.0131262946279
0.000432697308434
0.0078855692471
-0.00291552920188
0.0407442189292
0.00198739334968
-0.00803811433526
-0.0161949093521
0.00123700746043
0.0111756308857
-0.0222512612692
-0.00960876539846
-0.00648370535871
-0.0252370014039
0.0244042558554
0.00126214113169
0.0198832494831
0.000240612677632
0.00222974140165
0.00192308959792
-0.013504055295
-0.00591299459405
0.0034102908025
-0.00762119613349
0.0511607711345
0.00234534988078
-0.00707030606972
-0.0234412926559
0.00587013739051
0.00590490132175
-0.0155137307068
0.00816074491067
-0.00767720205665
0.0209993107197
0.060887302797
0.000985037989461
0.00701454218463
0.0147258759247
-0.00460512673507
-0.0147080401101
-0.0115774218319
-0.00133902987963
-0.0111280744179
-0.00671089077586
0.0300078660965
0.00483992803927
0.007595085029
-0.00554011318793
-0.0315598740695
0.00537637769318
0.00303658479214
-0.00287162069434
-0.002818984695
-0.00911337881516
0.0366478902186
-0.012526663544
-0.00922086233485
-0.0138672718786
0.000933090348745
-0.00810584457522
0.00659802295642
-0.0019333088125
0.000444130501366
0.00244599082642
0.0460075935955
0.0121416965206
-0.00367957784936
0.0172826329631
-0.01306386698
0.000403844086575
-0.0127770469663
-0.00607875622806
-0.0139523953312
-0.00176493811868
0.0404122797961
-0.000754167327335
-0.00011530747973
-0.00151100823082
-0.005502326947
-0.00211191362502
-0.0101265010344
-0.0151530213961
-0.000124078272814
0.00510539959918
0.0384708121413
-0.0101949148547
-0.0207426963055
0.00105718417942
-0.00238902786532
-0.0190620877925
-0.0257040708669
-0.00805409452113
-0.00012987728525
0.00870879187814
0.0376045077367
-0.0143353007024
-0.0141292860942
-0.021658573091
0.00663457923658
-0.00149301411294
-0.0165825780654
-0.00916705085724
-0.0173124928619
0.00470262216048
0.02968955624
-0.00553617193848
-0.0150880275924
-0.00804670133099
0.00240586557061
0.00620871710162
-0.0143933809199
-0.00720171392066
-0.0040740857821
-0.0054031920929
0.0539256986997
-0.00428009066178
-0.000667679405062
-0.0104765853084
-0.0145234751373
-0.0141033918862
-0.015822230647
-0.0056247202041
-0.00911634617634
-0.00667664805224
0.0477376007384
-0.022665627341
-0.00956875778456
-0.00474096708707
-0.0031477781824
-0.00303623585907
-0.000977917303082
-0.00913217479218
-0.00799709672211
-0.00160006365295
0.0350167090454
-0.000416612690827
-0.0275051949685
-0.00540281976869
-0.0134210180455
-0.00631145897143
-0.00772412810166
0.0015253814143
-0.0179626881553
0.0035674017173
0.0651916410877
-0.00377229253448
-0.00307456596968
-0.0197452637983
0.000770304223829
0.0106529247228
0.00610001597245
-0.000823023141717
-0.0151189070633
-0.00368065939195
0.0638043498521
-0.00394474199511
-0.00814577548255
-0.0147667337711
-0.00814339591697
0.000266960879143
-1.01874279269e-05
-0.0109203619607
-0.00286002166388
0.0037304698999
0.0444827089314
-0.0160967443933
-0.00523171403656
-0.00831074339415
-0.0196231309254
-0.00976756197852
-0.0152834996895
-0.00849050452196
-0.00950240690597
0.00726607931704
0.048740241915
0.00218771061119
-0.00266770988909
-0.0143065931344
-0.00823121866479
0.012969231151
-0.00839821419909
-0.00412547762996
0.00287969183983
-0.00675155053187
0.0398828053232
-0.00534140039048
-0.00679516037019
-0.0115312595882
-0.00218373935235
-0.0296666760085
-0.00247490957255
-0.0219020766687
-0.0336626916031
-0.0141446199751
0.0312245921373
-0.0111037758735
0.00301677295432
0.0171497802547
0.00807816927702
-0.00685281887244
-0.00787639637933
-0.0111807472445
-0.00405102790264
-0.00545345915592
0.0386241796196
0.00817814390564
-0.0201009203503
0.000884098089039
-0.00789306029852
0.0146820573427
-0.00675139768635
-0.000159291492581
-0.0144670049326
-0.0125472921337
0.0308148464495
0.00334007030145
0.00162261889055
0.0253642923985
-0.00414301148196
-0.00180316411377
0.000741474740422
-0.0106708784159
-0.0106753635318
-0.0156090347684
0.0686121287056
-0.0059615511251
0.00315115373465
-0.00559969374634
-0.014170599847
-0.00575319366659
0.0120459530864
0.00237294874333
-0.0158000800276
-0.0134901684722
0.0457436274129
-0.0028651512246
-0.0237218646824
0.00685290880759
0.00196285369032
-0.0202416399106
-0.00570861027921
0.00689665515159
-0.00735264826706
-0.00927307910462
0.056234537727
-0.00307417109405
0.0017029366124
-0.00308652871945
-0.0149675635927
-0.0199045170215
0.00525442106
-0.00054084159184
-0.00128992707289
-0.0201245462782
0.0343786392045
0.00598480496334
-0.0160937714133
-0.00799505476529
-0.0017081631833
0.0204226827694
0.00282998260803
-0.000990777753348
0.0168107538892
-0.0126511976917
0.0520289901986
-0.0162039956664
0.0135202846238
0.00782213833876
0.000722859646108
-0.023085212499
-0.00610918329439
0.0125437335578
-0.0156232275063
-0.0163796029222
0.0624253059109
-0.00868456391165
-0.00939142023404
-0.00510046650119
0.00636686870418
-0.0042983270096
-0.00426681428046
-0.0101687978381
-0.0125586628005
-0.0168471801286
0.0367538700778
-0.0134328460696
-0.0205019986387
0.000502486386285
-0.00613313853227
-0.0279419667032
-0.0282870588871
-0.00675471873556
-0.00116779650332
-0.00613042555405
0.0508707115007
-0.0153287760277
-0.00677408875759
-0.000113217414951
-0.000303211323333
-0.00615401852354
-0.00615777794379
0.00819954784811
0.000117602788902
-0.0031698555358
0.0365033127562
-0.0173657719215
-0.00783273446556
-0.00890579974324
-0.0151680578029
-0.00469521881866
-0.00569595010068
-0.0107991698207
-0.0103653521854
-0.00639279705114
0.0286860451298
-0.00442802943781
0.00448025525888
-0.00490708095749
-0.000149481080079
-0.00799380012612
-0.00155647085596
0.00956658098486
-0.021793441491
0.0197563810955
0.0533817423044
-0.020279159666
0.00737147580399
-0.00493525510043
-0.00977907806292
-0.00652884351074
-0.018744844645
0.0168766309484
0.000496492882935
-0.00836774140934
0.0341013601956
0.0033528438765
0.00411730423763
-0.0135600576532
0.00475845281463
-0.0165064972608
-0.0112813388771
0.00585492551208
-0.0238631252426
-0.0145066659216
0.0461671158916
0.00406826490251
-0.00390066691968
-0.00308998939787
-0.00585339703513
-0.00297437449494
-0.010947480996
-0.00711980121374
0.00465259410949
-0.0151409252044
0.0498399243522
-0.0135379484318
0.00184735425544
-0.0107106012264
-0.00934966976565
-0.00885150497756
-0.0130181677112
0.00701156268743
-0.00571144865441
-0.0183953118156
0.020717971612
-0.0121921885396
-0.00125852146646
-0.0236805316679
-0.00489429975742
-0.00193635958467
0.010506335323
-0.0039254620202
-0.00798489221226
0.00158954804093
0.0284085191543
0.00304170080275
0.00856338391618
-0.00903755436974
-0.0114622780249
-0.0260498584591
0.000923982160913
0.00639760506622
-0.00769129985584
-0.0108024637098
0.0453163859054
-0.0220640386472
-0.00293310733913
0.00319763012991
-0.00783785332681
0.00116753519764
-0.00816519460804
0.00609018696001
0.00561928173748
-0.014106942354
0.0650613484245
-0.00558316875382
-0.00333419217967
-0.00198808416147
-0.00796989224047
-0.0184786579015
0.00219077714073
0.00885848981934
-0.000192870152763
-0.0187518101535
0.0426430304859
0.00235900081973
0.00965625173762
0.00198655179067
-0.00253904895977
-0.0107203163827
-0.00471861876037
-0.00786699113738
-0.0107053621776
0.00243817711323
0.0482441316452
-0.00152145539264
-0.00842740772351
-0.00536232981263
-0.00264724730959
-0.0055324444571
-0.0148186005673
0.000407324298524
-0.00572039805126
0.0110907554073
0.0484632220674
-0.000707502356989
-0.0205233831258
-0.0144234248913
-0.0242793246302
-0.0093755606474
-0.0123602363032
0.00879165332133
-0.0130760651124
0.0067744856257
0.0460726579109
0.0182368209547
-0.0200324634975
-0.00336947151831
-0.00489556138995
-0.00794110643923
-0.00755383995487
0.00788242620921
-0.00419537046637
0.0184951823009
0.050319467912
0.00442212225111
-0.00226554138242
0.00518412178485
-0.00780627738909
-0.0107214760801
-0.0213614206473
-0.00239505391631
-0.0118084978577
0.00718253649073
0.0412024405269
0.0025986031725
-0.000493906583964
-0.0158727957456
-0.0133486858789
0.00370271369842
0.00630362232299
0.00283976646073
-0.0106751591653
-0.00753249492036
0.0432458326786
-0.0200708709877
0.0106321616807
0.00172831661123
-0.0137764568664
-0.00496177092608
-0.0102223441259
-0.0109273465844
-0.00443422677208
0.000194595354172
0.0507281680092
-0.0070674760171
-0.0129607643151
-0.00152837206337
0.000281542909186
0.00471705516849
-0.00643581264663
-0.00365522958041
-0.00494399054556
-0.00371164668618
0.0428186111623
-0.000530961294949
0.00779745525804
-0.0175804728042
-0.0324622467566
0.00813508977388
-0.015597612699
-0.00953473519707
-0.0130563076629
0.0075177393867
0.0450724298295
0.00484882395473
-0.00908507735808
-0.000615768311161
-0.00962415964164
-0.00808252373966
-0.0215997969613
-0.00550733871315
0.00853926088858
-0.0018372468859
0.0497981264682
0.00228987587292
-0.0219949272608
-0.00141143251847
0.0142722326369
-0.00521311175547
-0.000988160724907
-0.0255483975327
0.00433743966333
0.00383909828349
0.0437468152856
0.00712725083864
-0.0153899402034
-0.0135137203127
-0.00650935623129
0.00524968852595
0.00373355606163
-0.00265499650567
-0.0277611010695
0.00569459148442
0.0658484850289
-0.00283699306928
-0.0228214707011
0.00790240966824
-0.0203163128008
-0.00317867439099
-0.00702448091319
-0.0123594324342
5.29553867022e-05
0.00459562477455
0.0524900460174
-0.0020880133326
-0.0119289526825
0.00528149044821
-0.00355426741537
-0.0230099276568
-0.00701801060764
0.00156604450044
0.0143497101631
-0.0148485798207
0.0489544360626
-0.0126610712678
-0.00825346105819
0.0025365099996
-0.00637424842641
-0.00197579630372
0.0102591677705
-0.0160232170263
-0.000138947237347
-0.0142210301007
0.0345264996737
-0.00508299933406
-0.00154172663461
-0.00113785293252
-0.000730150577874
0.0117386154663
-0.00306680481009
0.00845543561894
-0.00669190337219
-0.0028307543291
0.0378664260782
-0.0220939956859
-0.0236419656698
-0.00377377415359
-0.00269660669373
-0.0164475349245
-0.0123166977545
0.00131587225693
-0.0043599921631
0.00119284822932
0.0480929971101
0.0110918429646
-0.00469072923353
0.000199655896109
-0.0215374843968
0.00222105923939
-0.00355004489777
-0.0114562160633
-0.0124700304694
-0.00363305395516
0.0611441056535
-8.59508151611e-05
-0.0042577893577
-0.023666825323
-0.0255746331526
0.0046232885908
-0.0132312444728
-0.0135931568107
0.00034956806013
-0.0180209438149
0.0370694063879
0.0114833730575
-0.011372052128
0.00278414642779
-0.00296300726392
-0.0126970157291
0.00706428277697
-0.0204147741833
0.0124504879737
-0.0233942638239
0.0339920393169
-0.000345410719806
0.00216666486182
-0.0190760084556
-0.0214792270253
-0.0169360208969
-0.011129831534
-0.00641122591921
-0.0153099112141
-0.0220275022845
0.0326475296186
-0.0100558861983
-0.01241919436
-0.0100229490512
-0.00302826247138
-0.0149437271355
-0.00934386359991
0.0178967576741
-0.0119710920655
0.00302914924454
0.0357463181815
0.000242898895608
-0.0176796056655
0.00397079055612
-0.00321993709233
-0.0094769487059
-0.00543581944681
-0.00728890054089
-0.00918839409928
-0.00902040544628
0.0501519819973
-0.0064066521385
-0.0118470785481
0.00631082682963
0.00434459201528
-0.015245915987
0.00117708794156
0.00418224097013
0.00477665977002
0.00339043647088
0.0382510611232
-0.0189757754128
-0.0218000534223
-0.00929283072716
-0.0225229600558
-0.00203295551365
-0.0134383717648
0.00135166885862
-0.0110392925642
0.00337855656674
0.0612168704449
-0.000847912060651
0.00954070105769
-0.0196282032941
0.00477358378153
0.00130588845516
-0.00098637442585
-0.00716449023338
-0.00956733210821
0.00235015547864
0.0430582983785
-0.00986733642222
0.00520723477551
-0.00322737820675
0.00523592289588
-0.00116848778353
0.00490353164057
-0.017002384352
-0.00688008724629
0.0165008826565
0.0507352031519
0.0129388506739
-0.0119374638507
0.00280706626065
-0.0111841460014
-0.0191912452502
0.00534898800492
0.0134334818888
-0.00417298645601
-0.00593229321724
0.0503729674242
-0.00343676475569
-0.00728686089537
-0.0118520596094
-0.00777717340373
-0.00489308498765
-0.0255810480101
-0.00556748695386
0.00772056317954
-0.0150265931843
0.0340946505223
-0.0194450708621
0.00378297051589
-0.00125770439625
-0.00115865233398
-0.00276836534538
-0.0175418772339
0.00610866556813
0.000891813347697
-0.0178161977953
0.04810732435
-0.00798759150516
-0.014920130048
-0.0128754216134
-0.00459169489794
-0.0077030673881
-0.0295285667374
-0.00313356802307
-0.0126480035917
-0.0124741478802
0.055148515238
-0.032232780432
0.012144738645
-0.00870372581663
0.00149150929176
-0.00403568126202
-0.000520636602426
-0.00115410731536
-0.00516045213234
-0.0205432468874
0.0443748396777
-0.00482625602465
-0.0124219565467
-0.0292430962193
-0.00615119028087
-0.00982018015436
-0.00677903293392
-0.0117693606746
-0.0150898987377
0.00746152002561
0.0417742120374
-0.029773960516
-0.00020503870479
-0.0132606757929
-0.0106933070598
-0.00425662616257
0.0105944078455
-0.0181931969238
-0.00701840573818
-0.0222104268684
0.0580220584118
0.00095650949847
-0.000647779106078
-0.0165342997444
0.00559581686801
-0.00741202427045
-0.00456961205131
-0.00421427336635
-0.013975995157
-0.0168001449413
0.0459966933612
-0.0181986856047
-0.0228403848553
-0.0118009560372
-0.0100353878654
0.00853535882649
-0.00161676164155
-0.0214940242075
0.0130427178462
0.00807575046947
