0.000369616115714
0.000288103121582
-0.0001130529661
-9.02880086251e-05
-3.85877729769e-06
0.000249064846081
0.000116070572709
-0.000415461404835
0.000440698718407
-1.5754799243e-05
-3.72935193838e-05
-0.000364412864995
-5.71611546984e-05
-0.000169501588543
1.77899028841e-05
1.49852323883e-05
0.000219196375273
3.01508353839e-05
7.63415686222e-05
-0.000143665400909
0.000133184902884
-0.000231865005196
-0.000278026628386
-0.000289010861909
0.000159467335559
-0.000474363753833
5.32210546744e-05
0.000319487035494
-0.000364070028791
-0.000129336899191
2.23079652528e-05
3.78616151764e-05
-0.000151496563516
-0.000359480593737
-0.000282560031373
0.000319095958101
5.66778757261e-05
-0.000104971439097
0.00010725269961
0.000101178370571
0.000171264378013
8.1127011331e-05
3.8160658633e-05
-0.000333413814779
0.0001294148122
-0.000450005802843
0.000272832117343
0.000167201601897
0.000178056455136
-0.000203515595043
0.000243526791621
0.000216828034194
3.42430916955e-05
-8.42617200458e-05
5.65756472781e-05
-0.000286434729269
0.000282656990036
-0.000425153229289
2.21590727989e-05
0.000186314435435
-0.000462085903985
-0.000273701326714
-3.89258396627e-05
0.000433808299061
-0.00011422269619
-8.09151088355e-05
0.000155499770838
-4.61264035856e-05
-0.000130449345548
-0.000269840392697
-0.000223193698634
0.000234716844627
2.95211457502e-05
8.30248643169e-05
9.47269398477e-05
-0.000214102785279
0.000159678144707
-7.33041360945e-05
-0.000195150500648
-0.000341568002549
0.000263387457622
0.00025157092054
6.3576840903e-05
-0.00013062686488
0.000189536196515
-0.000215680676208
-0.000111390110913
7.21142683346e-05
-0.000132488733762
-5.13025431026e-05
-0.000290860751928
0.000352781858393
0.000101395541519
-0.000348495181379
0.000190904530628
0.000356754454423
2.288819001e-05
-7.91888401519e-05
0.000219898904641
1.62846915952e-05
